1
1099.0000,616.0000,42.0000,48.0000
1097.0000,612.0000,42.0000,48.0000
1098.0000,614.0000,42.0000,48.0000
2
0
0
0
0
1
913.0000,620.0000,47.0000,45.0000
913.0000,618.0000,47.0000,45.0000
913.0000,618.0000,47.0000,45.0000
2
0
0
0
0
1
817.0000,553.0000,40.0000,41.0000
798.0000,553.0000,40.0000,43.0000
794.0000,555.0000,42.0000,44.0000
790.0000,555.0000,46.0000,43.0000
787.0000,557.0000,49.0000,41.0000
787.0000,559.0000,53.0000,39.0000
787.0000,561.0000,57.0000,36.0000
790.0000,562.0000,59.0000,34.0000
786.0000,556.0000,59.0000,34.0000
793.0000,546.0000,60.0000,34.0000
795.0000,535.0000,57.0000,37.0000
794.0000,518.0000,55.0000,40.0000
795.0000,506.0000,53.0000,45.0000
794.0000,497.0000,51.0000,48.0000
793.0000,494.0000,50.0000,50.0000
788.0000,487.0000,49.0000,51.0000
778.0000,486.0000,50.0000,52.0000
770.0000,478.0000,49.0000,52.0000
762.0000,475.0000,50.0000,52.0000
754.0000,472.0000,49.0000,52.0000
739.0000,469.0000,48.0000,51.0000
725.0000,467.0000,48.0000,52.0000
715.0000,459.0000,47.0000,51.0000
690.0000,458.0000,47.0000,51.0000
672.0000,457.0000,48.0000,50.0000
651.0000,452.0000,47.0000,50.0000
632.0000,446.0000,48.0000,49.0000
610.0000,445.0000,48.0000,49.0000
586.0000,439.0000,49.0000,48.0000
559.0000,438.0000,48.0000,48.0000
532.0000,437.0000,48.0000,48.0000
503.0000,430.0000,49.0000,47.0000
470.0000,429.0000,49.0000,47.0000
442.0000,428.0000,48.0000,47.0000
407.0000,426.0000,48.0000,47.0000
373.0000,424.0000,48.0000,46.0000
334.0000,423.0000,48.0000,45.0000
296.0000,425.0000,48.0000,45.0000
257.0000,423.0000,48.0000,45.0000
213.0000,427.0000,47.0000,46.0000
170.0000,425.0000,47.0000,45.0000
121.0000,429.0000,47.0000,44.0000
77.0000,433.0000,48.0000,44.0000
2
