1
537.0000,202.0000,23.0000,21.0000
534.0000,209.0000,23.0000,21.0000
531.0000,216.0000,24.0000,21.0000
529.0000,222.0000,24.0000,21.0000
526.0000,229.0000,25.0000,21.0000
526.0000,236.0000,25.0000,21.0000
525.0000,243.0000,25.0000,21.0000
527.0000,249.0000,25.0000,21.0000
528.0000,252.0000,25.0000,21.0000
531.0000,254.0000,25.0000,21.0000
536.0000,256.0000,24.0000,20.0000
544.0000,258.0000,23.0000,20.0000
553.0000,261.0000,22.0000,19.0000
561.0000,264.0000,22.0000,19.0000
574.0000,268.0000,21.0000,18.0000
584.0000,269.0000,21.0000,17.0000
596.0000,269.0000,20.0000,17.0000
607.0000,272.0000,20.0000,16.0000
617.0000,275.0000,19.0000,16.0000
625.0000,276.0000,19.0000,15.0000
634.0000,280.0000,19.0000,15.0000
641.0000,282.0000,20.0000,14.0000
648.0000,285.0000,20.0000,14.0000
654.0000,288.0000,20.0000,14.0000
660.0000,288.0000,20.0000,14.0000
663.0000,285.0000,19.0000,14.0000
667.0000,284.0000,19.0000,14.0000
674.0000,288.0000,19.0000,14.0000
678.0000,288.0000,19.0000,14.0000
682.0000,288.0000,20.0000,14.0000
685.0000,287.0000,19.0000,14.0000
689.0000,286.0000,19.0000,14.0000
693.0000,283.0000,19.0000,14.0000
696.0000,281.0000,19.0000,14.0000
701.0000,279.0000,19.0000,14.0000
705.0000,276.0000,19.0000,15.0000
712.0000,272.0000,18.0000,15.0000
718.0000,267.0000,18.0000,15.0000
727.0000,263.0000,18.0000,15.0000
736.0000,258.0000,19.0000,16.0000
744.0000,253.0000,19.0000,15.0000
755.0000,249.0000,20.0000,16.0000
768.0000,243.0000,20.0000,16.0000
781.0000,238.0000,20.0000,16.0000
797.0000,233.0000,20.0000,16.0000
810.0000,229.0000,20.0000,16.0000
826.0000,224.0000,21.0000,16.0000
842.0000,219.0000,21.0000,17.0000
858.0000,216.0000,21.0000,17.0000
874.0000,213.0000,21.0000,17.0000
888.0000,209.0000,22.0000,17.0000
902.0000,205.0000,22.0000,17.0000
918.0000,201.0000,22.0000,16.0000
933.0000,195.0000,22.0000,17.0000
948.0000,189.0000,23.0000,17.0000
960.0000,182.0000,23.0000,17.0000
973.0000,175.0000,22.0000,17.0000
985.0000,169.0000,22.0000,17.0000
996.0000,165.0000,22.0000,17.0000
1007.0000,162.0000,22.0000,17.0000
1019.0000,160.0000,22.0000,17.0000
1030.0000,158.0000,21.0000,17.0000
1039.0000,158.0000,22.0000,17.0000
1048.0000,164.0000,21.0000,17.0000
1057.0000,170.0000,21.0000,18.0000
1062.0000,170.0000,21.0000,18.0000
1069.0000,165.0000,21.0000,19.0000
1073.0000,157.0000,20.0000,19.0000
1076.0000,149.0000,20.0000,19.0000
1079.0000,141.0000,20.0000,19.0000
1081.0000,135.0000,19.0000,19.0000
1082.0000,130.0000,19.0000,19.0000
1084.0000,125.0000,19.0000,19.0000
1086.0000,120.0000,19.0000,19.0000
1089.0000,115.0000,19.0000,19.0000
1090.0000,114.0000,19.0000,19.0000
1093.0000,113.0000,20.0000,19.0000
1096.0000,104.0000,20.0000,18.0000
1099.0000,93.0000,20.0000,18.0000
1099.0000,79.0000,20.0000,19.0000
1101.0000,74.0000,20.0000,19.0000
1106.0000,71.0000,20.0000,19.0000
1108.0000,66.0000,20.0000,19.0000
1113.0000,58.0000,20.0000,19.0000
1120.0000,53.0000,21.0000,19.0000
1126.0000,49.0000,21.0000,19.0000
1130.0000,47.0000,21.0000,20.0000
1136.0000,43.0000,21.0000,20.0000
1142.0000,39.0000,21.0000,20.0000
1148.0000,39.0000,21.0000,20.0000
1154.0000,38.0000,22.0000,20.0000
1160.0000,37.0000,22.0000,20.0000
1168.0000,35.0000,22.0000,20.0000
1171.0000,34.0000,22.0000,20.0000
1175.0000,35.0000,22.0000,20.0000
1174.0000,34.0000,22.0000,20.0000
1174.0000,35.0000,22.0000,20.0000
2
0
0
0
0
1
1238.0000,126.0000,13.0000,10.0000
1237.0000,142.0000,13.0000,10.0000
1241.0000,158.0000,13.0000,10.0000
1245.0000,173.0000,14.0000,10.0000
1249.0000,189.0000,14.0000,10.0000
2
0
0
0
0
1
1253.0000,299.0000,21.0000,10.0000
1254.0000,304.0000,21.0000,10.0000
1252.0000,306.0000,20.0000,10.0000
1252.0000,309.0000,20.0000,10.0000
1247.0000,314.0000,20.0000,10.0000
2
0
0
0
0
1
1196.0000,365.0000,17.0000,10.0000
1187.0000,374.0000,17.0000,10.0000
1182.0000,382.0000,18.0000,10.0000
1169.0000,391.0000,18.0000,10.0000
1159.0000,401.0000,19.0000,10.0000
1149.0000,414.0000,19.0000,10.0000
1139.0000,426.0000,19.0000,10.0000
1130.0000,436.0000,19.0000,11.0000
1124.0000,442.0000,20.0000,11.0000
1120.0000,445.0000,20.0000,11.0000
1113.0000,451.0000,20.0000,11.0000
1108.0000,455.0000,20.0000,12.0000
1104.0000,460.0000,20.0000,12.0000
1100.0000,463.0000,20.0000,12.0000
1096.0000,466.0000,20.0000,12.0000
1093.0000,467.0000,20.0000,12.0000
1093.0000,467.0000,20.0000,12.0000
1091.0000,464.0000,20.0000,12.0000
1089.0000,459.0000,20.0000,12.0000
1088.0000,457.0000,20.0000,12.0000
1088.0000,454.0000,19.0000,12.0000
1086.0000,453.0000,19.0000,12.0000
1085.0000,453.0000,20.0000,11.0000
1082.0000,453.0000,20.0000,11.0000
1078.0000,451.0000,20.0000,11.0000
1073.0000,449.0000,20.0000,10.0000
1062.0000,449.0000,20.0000,10.0000
1057.0000,449.0000,20.0000,11.0000
1052.0000,449.0000,20.0000,10.0000
1048.0000,449.0000,19.0000,11.0000
1040.0000,447.0000,18.0000,11.0000
1038.0000,447.0000,18.0000,10.0000
1030.0000,443.0000,18.0000,10.0000
1024.0000,436.0000,18.0000,11.0000
1017.0000,432.0000,18.0000,11.0000
1014.0000,430.0000,18.0000,11.0000
1014.0000,427.0000,17.0000,12.0000
1011.0000,427.0000,16.0000,12.0000
1005.0000,422.0000,16.0000,12.0000
1004.0000,422.0000,16.0000,11.0000
998.0000,422.0000,17.0000,11.0000
992.0000,422.0000,17.0000,10.0000
987.0000,422.0000,17.0000,10.0000
984.0000,423.0000,17.0000,10.0000
977.0000,423.0000,17.0000,10.0000
976.0000,423.0000,17.0000,10.0000
972.0000,421.0000,17.0000,10.0000
967.0000,417.0000,17.0000,10.0000
965.0000,414.0000,18.0000,10.0000
960.0000,410.0000,18.0000,10.0000
958.0000,406.0000,18.0000,10.0000
957.0000,400.0000,18.0000,10.0000
953.0000,396.0000,17.0000,10.0000
950.0000,389.0000,17.0000,10.0000
946.0000,383.0000,17.0000,10.0000
944.0000,376.0000,17.0000,10.0000
945.0000,370.0000,17.0000,10.0000
943.0000,367.0000,18.0000,10.0000
946.0000,363.0000,18.0000,10.0000
947.0000,357.0000,18.0000,10.0000
950.0000,354.0000,18.0000,10.0000
2
0
0
0
0
1
902.0000,331.0000,18.0000,10.0000
897.0000,330.0000,18.0000,10.0000
894.0000,327.0000,19.0000,10.0000
891.0000,325.0000,19.0000,10.0000
885.0000,325.0000,19.0000,10.0000
881.0000,325.0000,20.0000,10.0000
878.0000,326.0000,20.0000,10.0000
871.0000,328.0000,20.0000,10.0000
862.0000,330.0000,20.0000,10.0000
856.0000,330.0000,20.0000,10.0000
849.0000,329.0000,20.0000,10.0000
840.0000,326.0000,20.0000,11.0000
834.0000,326.0000,20.0000,11.0000
826.0000,325.0000,20.0000,11.0000
817.0000,328.0000,20.0000,11.0000
808.0000,331.0000,20.0000,11.0000
802.0000,334.0000,21.0000,11.0000
794.0000,338.0000,21.0000,11.0000
786.0000,338.0000,22.0000,11.0000
779.0000,338.0000,22.0000,11.0000
771.0000,336.0000,22.0000,11.0000
762.0000,331.0000,21.0000,12.0000
760.0000,328.0000,21.0000,13.0000
754.0000,326.0000,22.0000,12.0000
749.0000,322.0000,22.0000,13.0000
744.0000,317.0000,23.0000,12.0000
739.0000,310.0000,23.0000,12.0000
734.0000,303.0000,23.0000,12.0000
729.0000,295.0000,23.0000,12.0000
725.0000,288.0000,23.0000,12.0000
721.0000,282.0000,23.0000,13.0000
716.0000,274.0000,23.0000,13.0000
711.0000,269.0000,23.0000,13.0000
707.0000,264.0000,22.0000,13.0000
703.0000,259.0000,22.0000,13.0000
699.0000,256.0000,22.0000,13.0000
697.0000,253.0000,22.0000,13.0000
692.0000,248.0000,22.0000,14.0000
690.0000,245.0000,22.0000,13.0000
687.0000,243.0000,22.0000,13.0000
684.0000,240.0000,21.0000,14.0000
682.0000,237.0000,21.0000,15.0000
678.0000,235.0000,20.0000,15.0000
674.0000,234.0000,20.0000,16.0000
673.0000,230.0000,21.0000,16.0000
669.0000,227.0000,20.0000,17.0000
664.0000,224.0000,20.0000,17.0000
661.0000,222.0000,20.0000,17.0000
652.0000,222.0000,21.0000,17.0000
648.0000,221.0000,21.0000,18.0000
642.0000,219.0000,21.0000,18.0000
637.0000,217.0000,21.0000,18.0000
628.0000,218.0000,21.0000,18.0000
621.0000,220.0000,21.0000,19.0000
617.0000,217.0000,21.0000,19.0000
609.0000,213.0000,22.0000,19.0000
611.0000,211.0000,22.0000,18.0000
604.0000,209.0000,22.0000,18.0000
602.0000,209.0000,22.0000,18.0000
2
0
0
0
0
1
528.0000,210.0000,21.0000,18.0000
523.0000,211.0000,20.0000,19.0000
517.0000,211.0000,20.0000,19.0000
511.0000,211.0000,20.0000,19.0000
508.0000,211.0000,20.0000,20.0000
503.0000,213.0000,20.0000,20.0000
501.0000,213.0000,19.0000,19.0000
498.0000,213.0000,19.0000,20.0000
491.0000,215.0000,19.0000,20.0000
487.0000,216.0000,19.0000,19.0000
486.0000,217.0000,18.0000,20.0000
482.0000,218.0000,18.0000,20.0000
480.0000,223.0000,18.0000,20.0000
477.0000,225.0000,19.0000,20.0000
473.0000,229.0000,18.0000,21.0000
471.0000,231.0000,19.0000,21.0000
468.0000,235.0000,19.0000,21.0000
466.0000,239.0000,19.0000,21.0000
464.0000,243.0000,20.0000,21.0000
462.0000,247.0000,19.0000,21.0000
460.0000,251.0000,19.0000,21.0000
460.0000,254.0000,20.0000,21.0000
459.0000,257.0000,20.0000,21.0000
457.0000,259.0000,20.0000,20.0000
457.0000,261.0000,20.0000,20.0000
456.0000,264.0000,20.0000,20.0000
457.0000,267.0000,20.0000,19.0000
456.0000,271.0000,21.0000,19.0000
457.0000,274.0000,21.0000,19.0000
457.0000,279.0000,21.0000,19.0000
460.0000,282.0000,21.0000,18.0000
461.0000,285.0000,21.0000,18.0000
462.0000,287.0000,21.0000,18.0000
464.0000,290.0000,21.0000,18.0000
465.0000,294.0000,21.0000,17.0000
467.0000,296.0000,21.0000,17.0000
469.0000,298.0000,21.0000,17.0000
471.0000,301.0000,21.0000,17.0000
473.0000,303.0000,22.0000,17.0000
474.0000,303.0000,21.0000,17.0000
474.0000,307.0000,21.0000,18.0000
475.0000,309.0000,21.0000,17.0000
475.0000,312.0000,21.0000,17.0000
473.0000,318.0000,22.0000,17.0000
476.0000,319.0000,22.0000,17.0000
471.0000,322.0000,22.0000,18.0000
463.0000,317.0000,22.0000,18.0000
461.0000,314.0000,22.0000,18.0000
461.0000,317.0000,22.0000,19.0000
458.0000,312.0000,21.0000,19.0000
459.0000,320.0000,22.0000,19.0000
457.0000,318.0000,22.0000,19.0000
450.0000,318.0000,22.0000,20.0000
451.0000,319.0000,22.0000,20.0000
449.0000,319.0000,22.0000,20.0000
447.0000,319.0000,22.0000,20.0000
443.0000,319.0000,22.0000,20.0000
444.0000,323.0000,22.0000,20.0000
440.0000,323.0000,22.0000,20.0000
437.0000,323.0000,22.0000,20.0000
439.0000,323.0000,22.0000,20.0000
439.0000,326.0000,21.0000,19.0000
438.0000,326.0000,21.0000,19.0000
438.0000,326.0000,21.0000,18.0000
439.0000,326.0000,20.0000,18.0000
439.0000,328.0000,20.0000,18.0000
441.0000,329.0000,21.0000,17.0000
443.0000,330.0000,20.0000,17.0000
445.0000,330.0000,20.0000,17.0000
446.0000,331.0000,20.0000,17.0000
447.0000,331.0000,20.0000,17.0000
447.0000,331.0000,19.0000,17.0000
447.0000,332.0000,19.0000,17.0000
446.0000,335.0000,19.0000,16.0000
444.0000,336.0000,19.0000,16.0000
440.0000,336.0000,19.0000,16.0000
435.0000,335.0000,18.0000,16.0000
430.0000,336.0000,18.0000,16.0000
426.0000,335.0000,18.0000,16.0000
419.0000,335.0000,18.0000,16.0000
414.0000,335.0000,18.0000,16.0000
410.0000,333.0000,18.0000,16.0000
405.0000,332.0000,18.0000,15.0000
399.0000,328.0000,17.0000,16.0000
393.0000,324.0000,18.0000,15.0000
386.0000,320.0000,18.0000,15.0000
382.0000,317.0000,18.0000,15.0000
376.0000,315.0000,17.0000,15.0000
371.0000,311.0000,17.0000,15.0000
367.0000,308.0000,17.0000,14.0000
364.0000,306.0000,16.0000,14.0000
361.0000,303.0000,16.0000,14.0000
360.0000,300.0000,16.0000,14.0000
358.0000,297.0000,16.0000,14.0000
357.0000,294.0000,15.0000,13.0000
355.0000,292.0000,15.0000,13.0000
353.0000,291.0000,15.0000,13.0000
