1
595.0000,493.0000,72.0000,84.0000
593.0000,491.0000,72.0000,84.0000
593.0000,492.0000,72.0000,84.0000
596.0000,492.0000,71.0000,85.0000
596.0000,491.0000,70.0000,86.0000
597.0000,493.0000,70.0000,88.0000
600.0000,493.0000,69.0000,90.0000
601.0000,493.0000,69.0000,91.0000
603.0000,494.0000,69.0000,91.0000
604.0000,499.0000,69.0000,91.0000
606.0000,505.0000,69.0000,91.0000
606.0000,499.0000,69.0000,91.0000
606.0000,509.0000,69.0000,91.0000
607.0000,501.0000,69.0000,91.0000
604.0000,497.0000,69.0000,91.0000
604.0000,497.0000,69.0000,91.0000
602.0000,498.0000,69.0000,91.0000
603.0000,498.0000,69.0000,91.0000
602.0000,499.0000,69.0000,91.0000
603.0000,500.0000,69.0000,91.0000
603.0000,498.0000,69.0000,91.0000
604.0000,497.0000,69.0000,91.0000
604.0000,499.0000,69.0000,91.0000
602.0000,502.0000,69.0000,91.0000
601.0000,507.0000,69.0000,91.0000
601.0000,508.0000,69.0000,91.0000
600.0000,511.0000,69.0000,91.0000
599.0000,511.0000,69.0000,91.0000
602.0000,513.0000,69.0000,91.0000
604.0000,514.0000,69.0000,91.0000
607.0000,514.0000,69.0000,91.0000
610.0000,516.0000,69.0000,91.0000
613.0000,519.0000,69.0000,91.0000
612.0000,524.0000,69.0000,91.0000
614.0000,521.0000,69.0000,91.0000
613.0000,516.0000,69.0000,91.0000
617.0000,513.0000,69.0000,91.0000
620.0000,512.0000,69.0000,91.0000
619.0000,510.0000,69.0000,91.0000
620.0000,506.0000,69.0000,91.0000
623.0000,506.0000,69.0000,91.0000
626.0000,506.0000,69.0000,91.0000
624.0000,508.0000,69.0000,91.0000
625.0000,513.0000,69.0000,91.0000
627.0000,513.0000,69.0000,91.0000
628.0000,517.0000,69.0000,91.0000
627.0000,519.0000,69.0000,91.0000
629.0000,525.0000,69.0000,91.0000
629.0000,527.0000,69.0000,91.0000
628.0000,529.0000,69.0000,91.0000
630.0000,528.0000,69.0000,91.0000
637.0000,530.0000,69.0000,91.0000
642.0000,533.0000,69.0000,91.0000
640.0000,530.0000,69.0000,91.0000
642.0000,530.0000,69.0000,91.0000
645.0000,536.0000,69.0000,91.0000
648.0000,534.0000,69.0000,91.0000
651.0000,536.0000,69.0000,91.0000
654.0000,536.0000,69.0000,91.0000
656.0000,534.0000,69.0000,91.0000
658.0000,532.0000,69.0000,91.0000
663.0000,534.0000,69.0000,91.0000
2
0
0
0
0
1
602.0000,581.0000,91.0000,102.0000
606.0000,579.0000,93.0000,102.0000
612.0000,584.0000,94.0000,102.0000
601.0000,585.0000,94.0000,102.0000
605.0000,590.0000,95.0000,103.0000
609.0000,594.0000,95.0000,103.0000
608.0000,596.0000,95.0000,103.0000
584.0000,609.0000,95.0000,102.0000
583.0000,605.0000,94.0000,102.0000
584.0000,604.0000,94.0000,102.0000
585.0000,602.0000,94.0000,102.0000
589.0000,601.0000,94.0000,102.0000
2
0
0
0
0
1
718.0000,530.0000,104.0000,104.0000
721.0000,538.0000,104.0000,104.0000
732.0000,531.0000,104.0000,104.0000
739.0000,526.0000,104.0000,104.0000
743.0000,525.0000,104.0000,104.0000
748.0000,524.0000,104.0000,104.0000
753.0000,518.0000,104.0000,104.0000
758.0000,517.0000,104.0000,104.0000
762.0000,519.0000,104.0000,104.0000
759.0000,517.0000,104.0000,104.0000
753.0000,521.0000,104.0000,104.0000
749.0000,523.0000,104.0000,104.0000
748.0000,525.0000,104.0000,104.0000
747.0000,534.0000,104.0000,104.0000
746.0000,538.0000,104.0000,104.0000
746.0000,540.0000,104.0000,104.0000
745.0000,538.0000,104.0000,104.0000
743.0000,536.0000,104.0000,104.0000
739.0000,534.0000,104.0000,104.0000
737.0000,533.0000,104.0000,104.0000
733.0000,532.0000,104.0000,104.0000
732.0000,536.0000,104.0000,104.0000
729.0000,534.0000,104.0000,104.0000
726.0000,531.0000,104.0000,104.0000
724.0000,526.0000,104.0000,104.0000
2
0
0
0
0
1
821.0000,526.0000,86.0000,106.0000
821.0000,523.0000,86.0000,106.0000
818.0000,518.0000,86.0000,106.0000
807.0000,521.0000,86.0000,106.0000
805.0000,519.0000,86.0000,106.0000
801.0000,521.0000,86.0000,106.0000
796.0000,518.0000,86.0000,106.0000
785.0000,516.0000,86.0000,106.0000
781.0000,513.0000,86.0000,106.0000
771.0000,515.0000,86.0000,106.0000
775.0000,511.0000,86.0000,106.0000
771.0000,509.0000,86.0000,106.0000
773.0000,502.0000,86.0000,106.0000
774.0000,498.0000,86.0000,106.0000
771.0000,500.0000,86.0000,106.0000
766.0000,504.0000,86.0000,106.0000
760.0000,507.0000,86.0000,106.0000
754.0000,506.0000,86.0000,106.0000
760.0000,507.0000,86.0000,106.0000
762.0000,505.0000,86.0000,106.0000
