1
527.0000,56.0000,19.0000,19.0000
527.0000,64.0000,18.0000,19.0000
524.0000,80.0000,18.0000,19.0000
523.0000,88.0000,18.0000,19.0000
519.0000,104.0000,18.0000,19.0000
519.0000,114.0000,17.0000,19.0000
518.0000,126.0000,17.0000,19.0000
508.0000,141.0000,18.0000,18.0000
510.0000,155.0000,17.0000,19.0000
519.0000,165.0000,17.0000,19.0000
529.0000,170.0000,17.0000,19.0000
540.0000,175.0000,17.0000,18.0000
540.0000,176.0000,17.0000,18.0000
559.0000,191.0000,17.0000,18.0000
558.0000,190.0000,17.0000,18.0000
579.0000,209.0000,17.0000,18.0000
583.0000,219.0000,17.0000,18.0000
592.0000,231.0000,17.0000,18.0000
599.0000,241.0000,17.0000,18.0000
598.0000,240.0000,17.0000,18.0000
2
0
0
0
0
1
626.0000,267.0000,16.0000,12.0000
631.0000,271.0000,15.0000,12.0000
633.0000,273.0000,15.0000,13.0000
638.0000,271.0000,15.0000,13.0000
640.0000,270.0000,14.0000,13.0000
639.0000,268.0000,14.0000,13.0000
642.0000,267.0000,14.0000,13.0000
641.0000,267.0000,14.0000,13.0000
642.0000,271.0000,14.0000,13.0000
643.0000,273.0000,14.0000,13.0000
643.0000,276.0000,14.0000,13.0000
649.0000,277.0000,14.0000,13.0000
649.0000,278.0000,14.0000,14.0000
650.0000,277.0000,14.0000,14.0000
