1
327.0000,38.0000,40.0000,41.0000
329.0000,40.0000,40.0000,40.0000
329.0000,39.0000,40.0000,41.0000
327.0000,40.0000,40.0000,40.0000
327.0000,39.0000,40.0000,40.0000
327.0000,37.0000,40.0000,41.0000
327.0000,38.0000,40.0000,41.0000
326.0000,41.0000,40.0000,40.0000
324.0000,43.0000,40.0000,40.0000
323.0000,45.0000,40.0000,40.0000
2
0
0
0
0
1
333.0000,30.0000,41.0000,48.0000
332.0000,25.0000,41.0000,48.0000
330.0000,23.0000,41.0000,48.0000
329.0000,21.0000,41.0000,48.0000
324.0000,18.0000,41.0000,48.0000
324.0000,17.0000,41.0000,48.0000
325.0000,20.0000,41.0000,48.0000
324.0000,19.0000,41.0000,48.0000
324.0000,19.0000,41.0000,48.0000
323.0000,19.0000,41.0000,48.0000
323.0000,18.0000,41.0000,48.0000
324.0000,17.0000,41.0000,48.0000
323.0000,18.0000,41.0000,48.0000
320.0000,18.0000,41.0000,48.0000
321.0000,20.0000,41.0000,48.0000
318.0000,21.0000,41.0000,48.0000
2
0
0
0
0
1
398.0000,113.0000,38.0000,33.0000
399.0000,115.0000,38.0000,35.0000
397.0000,114.0000,38.0000,36.0000
395.0000,111.0000,38.0000,36.0000
390.0000,92.0000,39.0000,36.0000
382.0000,71.0000,37.0000,37.0000
359.0000,25.0000,37.0000,37.0000
360.0000,29.0000,37.0000,37.0000
360.0000,30.0000,37.0000,37.0000
359.0000,28.0000,37.0000,37.0000
2
0
0
0
0
1
301.0000,26.0000,52.0000,53.0000
300.0000,22.0000,52.0000,53.0000
295.0000,17.0000,52.0000,53.0000
296.0000,13.0000,52.0000,53.0000
294.0000,15.0000,52.0000,53.0000
289.0000,15.0000,52.0000,53.0000
291.0000,15.0000,51.0000,54.0000
295.0000,13.0000,51.0000,54.0000
294.0000,15.0000,51.0000,54.0000
296.0000,17.0000,51.0000,54.0000
297.0000,17.0000,51.0000,54.0000
303.0000,16.0000,51.0000,54.0000
304.0000,19.0000,51.0000,54.0000
304.0000,18.0000,51.0000,54.0000
305.0000,15.0000,51.0000,54.0000
304.0000,17.0000,51.0000,54.0000
303.0000,16.0000,51.0000,54.0000
302.0000,14.0000,51.0000,54.0000
303.0000,13.0000,51.0000,54.0000
297.0000,22.0000,51.0000,54.0000
300.0000,22.0000,51.0000,54.0000
300.0000,17.0000,51.0000,54.0000
2
0
0
0
0
1
307.0000,162.0000,76.0000,84.0000
309.0000,161.0000,76.0000,84.0000
311.0000,157.0000,76.0000,84.0000
312.0000,156.0000,76.0000,84.0000
246.0000,88.0000,75.0000,81.0000
245.0000,79.0000,75.0000,81.0000
247.0000,73.0000,75.0000,81.0000
248.0000,75.0000,75.0000,81.0000
246.0000,77.0000,75.0000,81.0000
2
0
0
0
0
1
99.0000,36.0000,106.0000,125.0000
129.0000,19.0000,105.0000,124.0000
