1
441.0000,177.0000,41.0000,45.0000
437.0000,176.0000,41.0000,45.0000
433.0000,176.0000,42.0000,46.0000
430.0000,176.0000,42.0000,46.0000
426.0000,176.0000,43.0000,47.0000
422.0000,174.0000,44.0000,48.0000
419.0000,173.0000,43.0000,49.0000
416.0000,172.0000,44.0000,50.0000
413.0000,169.0000,44.0000,51.0000
411.0000,166.0000,45.0000,51.0000
408.0000,164.0000,46.0000,52.0000
407.0000,162.0000,46.0000,53.0000
404.0000,161.0000,47.0000,53.0000
404.0000,160.0000,47.0000,54.0000
402.0000,159.0000,46.0000,55.0000
403.0000,155.0000,46.0000,56.0000
405.0000,153.0000,46.0000,56.0000
407.0000,153.0000,46.0000,56.0000
409.0000,148.0000,45.0000,57.0000
414.0000,143.0000,45.0000,58.0000
419.0000,140.0000,46.0000,59.0000
426.0000,136.0000,48.0000,61.0000
437.0000,132.0000,48.0000,62.0000
446.0000,127.0000,49.0000,63.0000
451.0000,123.0000,51.0000,65.0000
460.0000,117.0000,53.0000,66.0000
471.0000,114.0000,55.0000,68.0000
477.0000,106.0000,58.0000,71.0000
479.0000,107.0000,58.0000,71.0000
479.0000,108.0000,58.0000,71.0000
478.0000,108.0000,58.0000,71.0000
477.0000,106.0000,58.0000,71.0000
476.0000,102.0000,58.0000,71.0000
477.0000,99.0000,58.0000,71.0000
476.0000,95.0000,58.0000,71.0000
477.0000,93.0000,58.0000,71.0000
479.0000,98.0000,58.0000,71.0000
481.0000,90.0000,58.0000,71.0000
479.0000,85.0000,58.0000,71.0000
477.0000,83.0000,58.0000,71.0000
478.0000,86.0000,58.0000,71.0000
476.0000,86.0000,58.0000,71.0000
468.0000,80.0000,58.0000,71.0000
468.0000,76.0000,58.0000,71.0000
467.0000,78.0000,58.0000,71.0000
467.0000,81.0000,58.0000,71.0000
466.0000,90.0000,58.0000,71.0000
461.0000,92.0000,58.0000,71.0000
460.0000,92.0000,58.0000,71.0000
464.0000,86.0000,58.0000,71.0000
466.0000,84.0000,58.0000,71.0000
468.0000,83.0000,58.0000,71.0000
2
0
0
0
0
1
84.0000,11.0000,264.0000,285.0000
39.0000,18.0000,273.0000,278.0000
31.0000,24.0000,278.0000,276.0000
18.0000,27.0000,276.0000,274.0000
17.0000,26.0000,275.0000,278.0000
20.0000,24.0000,278.0000,280.0000
36.0000,26.0000,277.0000,288.0000
52.0000,20.0000,287.0000,290.0000
52.0000,43.0000,300.0000,293.0000
43.0000,42.0000,311.0000,292.0000
28.0000,24.0000,311.0000,292.0000
33.0000,34.0000,311.0000,290.0000
39.0000,17.0000,310.0000,288.0000
80.0000,30.0000,315.0000,291.0000
90.0000,29.0000,315.0000,293.0000
18.0000,26.0000,314.0000,297.0000
65.0000,12.0000,315.0000,298.0000
62.0000,17.0000,317.0000,294.0000
157.0000,20.0000,316.0000,292.0000
226.0000,15.0000,316.0000,288.0000
249.0000,28.0000,316.0000,288.0000
255.0000,30.0000,321.0000,295.0000
248.0000,12.0000,323.0000,295.0000
279.0000,25.0000,326.0000,294.0000
232.0000,1.0000,328.0000,291.0000
44.0000,19.0000,324.0000,291.0000
32.0000,16.0000,324.0000,290.0000
2
0
0
0
0
1
399.0000,34.0000,365.0000,444.0000
371.0000,8.0000,367.0000,433.0000
364.0000,10.0000,368.0000,427.0000
408.0000,48.0000,369.0000,413.0000
406.0000,58.0000,363.0000,410.0000
408.0000,47.0000,354.0000,410.0000
406.0000,26.0000,348.0000,404.0000
447.0000,20.0000,342.0000,403.0000
359.0000,23.0000,333.0000,396.0000
401.0000,38.0000,331.0000,395.0000
2
0
0
0
0
1
253.0000,106.0000,90.0000,118.0000
247.0000,108.0000,90.0000,118.0000
248.0000,117.0000,90.0000,118.0000
247.0000,130.0000,90.0000,118.0000
245.0000,126.0000,90.0000,118.0000
243.0000,135.0000,90.0000,118.0000
241.0000,144.0000,90.0000,118.0000
241.0000,150.0000,90.0000,118.0000
245.0000,154.0000,90.0000,118.0000
246.0000,156.0000,90.0000,118.0000
250.0000,155.0000,90.0000,118.0000
253.0000,155.0000,90.0000,118.0000
255.0000,163.0000,90.0000,118.0000
261.0000,162.0000,90.0000,118.0000
266.0000,177.0000,90.0000,118.0000
277.0000,183.0000,86.0000,122.0000
281.0000,185.0000,84.0000,124.0000
286.0000,195.0000,82.0000,127.0000
286.0000,196.0000,82.0000,127.0000
290.0000,195.0000,82.0000,127.0000
295.0000,204.0000,82.0000,127.0000
301.0000,203.0000,82.0000,127.0000
310.0000,215.0000,82.0000,128.0000
