1
33.0000,568.0000,46.0000,45.0000
33.0000,567.0000,46.0000,45.0000
2
0
0
0
0
1
258.0000,645.0000,62.0000,37.0000
258.0000,647.0000,62.0000,37.0000
2
0
0
0
0
1
491.0000,658.0000,60.0000,52.0000
539.0000,657.0000,57.0000,55.0000
540.0000,658.0000,57.0000,55.0000
2
0
0
0
0
1
747.0000,603.0000,57.0000,54.0000
766.0000,598.0000,57.0000,54.0000
760.0000,596.0000,57.0000,54.0000
759.0000,596.0000,57.0000,54.0000
2
0
0
0
0
1
914.0000,576.0000,49.0000,49.0000
931.0000,574.0000,48.0000,50.0000
946.0000,573.0000,46.0000,50.0000
962.0000,570.0000,46.0000,49.0000
970.0000,568.0000,45.0000,49.0000
979.0000,566.0000,45.0000,48.0000
987.0000,565.0000,45.0000,48.0000
993.0000,561.0000,45.0000,47.0000
1001.0000,556.0000,46.0000,46.0000
1012.0000,551.0000,44.0000,46.0000
1020.0000,547.0000,44.0000,44.0000
1029.0000,538.0000,43.0000,42.0000
1035.0000,531.0000,41.0000,41.0000
1044.0000,520.0000,41.0000,40.0000
1051.0000,508.0000,40.0000,39.0000
1058.0000,499.0000,40.0000,38.0000
1062.0000,492.0000,40.0000,37.0000
1064.0000,483.0000,40.0000,36.0000
1067.0000,476.0000,39.0000,36.0000
1071.0000,470.0000,39.0000,37.0000
1076.0000,466.0000,39.0000,37.0000
1086.0000,461.0000,39.0000,37.0000
1081.0000,457.0000,39.0000,37.0000
1078.0000,459.0000,39.0000,37.0000
2
0
0
0
0
1
1071.0000,398.0000,28.0000,11.0000
1072.0000,392.0000,28.0000,12.0000
1070.0000,385.0000,28.0000,12.0000
1070.0000,378.0000,27.0000,12.0000
1070.0000,371.0000,27.0000,12.0000
1068.0000,365.0000,27.0000,12.0000
1066.0000,358.0000,27.0000,12.0000
1064.0000,355.0000,27.0000,12.0000
1062.0000,351.0000,26.0000,12.0000
1061.0000,348.0000,26.0000,11.0000
1059.0000,345.0000,26.0000,11.0000
1059.0000,342.0000,26.0000,11.0000
1059.0000,338.0000,26.0000,12.0000
1058.0000,337.0000,26.0000,12.0000
1059.0000,335.0000,26.0000,12.0000
1060.0000,334.0000,25.0000,12.0000
1061.0000,334.0000,25.0000,12.0000
1064.0000,334.0000,25.0000,12.0000
1066.0000,335.0000,25.0000,12.0000
1068.0000,338.0000,25.0000,12.0000
1071.0000,341.0000,24.0000,12.0000
1075.0000,344.0000,24.0000,12.0000
1079.0000,344.0000,24.0000,12.0000
1084.0000,344.0000,24.0000,11.0000
1089.0000,344.0000,24.0000,11.0000
1094.0000,346.0000,23.0000,12.0000
1098.0000,345.0000,23.0000,12.0000
1103.0000,342.0000,23.0000,12.0000
1107.0000,339.0000,23.0000,12.0000
1112.0000,335.0000,23.0000,12.0000
1116.0000,331.0000,23.0000,13.0000
1118.0000,327.0000,23.0000,13.0000
1121.0000,323.0000,23.0000,12.0000
1123.0000,321.0000,23.0000,13.0000
1123.0000,319.0000,23.0000,12.0000
1123.0000,316.0000,22.0000,12.0000
1121.0000,315.0000,22.0000,12.0000
1119.0000,314.0000,22.0000,11.0000
1118.0000,314.0000,22.0000,11.0000
1115.0000,315.0000,22.0000,11.0000
1113.0000,316.0000,22.0000,10.0000
1110.0000,316.0000,22.0000,10.0000
1107.0000,316.0000,22.0000,10.0000
1106.0000,316.0000,22.0000,10.0000
1103.0000,315.0000,22.0000,10.0000
1102.0000,314.0000,22.0000,10.0000
1101.0000,313.0000,22.0000,10.0000
1101.0000,312.0000,21.0000,10.0000
1100.0000,313.0000,21.0000,10.0000
1101.0000,313.0000,21.0000,10.0000
1101.0000,314.0000,21.0000,10.0000
1103.0000,315.0000,21.0000,10.0000
1105.0000,315.0000,20.0000,10.0000
1106.0000,316.0000,20.0000,10.0000
1107.0000,319.0000,20.0000,10.0000
1110.0000,321.0000,20.0000,10.0000
1113.0000,322.0000,20.0000,10.0000
1116.0000,321.0000,20.0000,10.0000
1119.0000,319.0000,20.0000,10.0000
1121.0000,318.0000,20.0000,10.0000
1124.0000,315.0000,20.0000,10.0000
1125.0000,312.0000,20.0000,10.0000
1125.0000,309.0000,20.0000,10.0000
1127.0000,307.0000,19.0000,10.0000
1126.0000,305.0000,19.0000,10.0000
1126.0000,303.0000,19.0000,10.0000
1125.0000,303.0000,19.0000,10.0000
1124.0000,303.0000,19.0000,10.0000
1123.0000,304.0000,19.0000,10.0000
1121.0000,304.0000,19.0000,10.0000
1117.0000,304.0000,19.0000,10.0000
1116.0000,304.0000,18.0000,10.0000
1113.0000,303.0000,18.0000,10.0000
1110.0000,302.0000,18.0000,10.0000
1107.0000,303.0000,18.0000,10.0000
1105.0000,303.0000,18.0000,10.0000
1102.0000,303.0000,18.0000,10.0000
1099.0000,301.0000,18.0000,10.0000
1097.0000,298.0000,18.0000,10.0000
1094.0000,297.0000,18.0000,10.0000
1091.0000,296.0000,18.0000,10.0000
