1
665.0000,683.0000,39.0000,25.0000
2
0
0
0
0
1
673.0000,631.0000,42.0000,16.0000
678.0000,622.0000,43.0000,17.0000
682.0000,610.0000,44.0000,16.0000
684.0000,599.0000,45.0000,17.0000
685.0000,589.0000,46.0000,17.0000
689.0000,581.0000,47.0000,17.0000
694.0000,570.0000,47.0000,17.0000
700.0000,561.0000,46.0000,18.0000
700.0000,556.0000,44.0000,20.0000
706.0000,542.0000,41.0000,23.0000
708.0000,532.0000,38.0000,26.0000
711.0000,523.0000,36.0000,28.0000
713.0000,514.0000,34.0000,30.0000
716.0000,506.0000,32.0000,32.0000
718.0000,504.0000,29.0000,34.0000
721.0000,502.0000,28.0000,36.0000
726.0000,498.0000,28.0000,36.0000
728.0000,495.0000,29.0000,35.0000
731.0000,491.0000,30.0000,33.0000
737.0000,489.0000,32.0000,31.0000
740.0000,486.0000,33.0000,30.0000
748.0000,483.0000,34.0000,28.0000
752.0000,483.0000,35.0000,26.0000
759.0000,479.0000,35.0000,26.0000
766.0000,477.0000,35.0000,26.0000
769.0000,476.0000,34.0000,26.0000
770.0000,476.0000,34.0000,26.0000
2
0
0
0
0
1
822.0000,420.0000,22.0000,25.0000
825.0000,414.0000,23.0000,25.0000
826.0000,409.0000,23.0000,24.0000
826.0000,405.0000,23.0000,24.0000
826.0000,404.0000,24.0000,24.0000
829.0000,402.0000,24.0000,23.0000
830.0000,402.0000,24.0000,24.0000
835.0000,401.0000,23.0000,24.0000
840.0000,398.0000,23.0000,25.0000
846.0000,399.0000,22.0000,25.0000
851.0000,400.0000,22.0000,25.0000
856.0000,400.0000,21.0000,26.0000
861.0000,401.0000,21.0000,26.0000
865.0000,402.0000,19.0000,28.0000
870.0000,405.0000,19.0000,29.0000
871.0000,403.0000,19.0000,29.0000
857.0000,399.0000,20.0000,28.0000
863.0000,397.0000,21.0000,27.0000
2
0
0
0
0
1
848.0000,457.0000,16.0000,19.0000
844.0000,462.0000,17.0000,18.0000
837.0000,466.0000,17.0000,18.0000
832.0000,469.0000,17.0000,18.0000
825.0000,473.0000,17.0000,18.0000
820.0000,476.0000,18.0000,18.0000
813.0000,477.0000,18.0000,17.0000
808.0000,478.0000,18.0000,17.0000
798.0000,480.0000,18.0000,17.0000
793.0000,480.0000,18.0000,17.0000
783.0000,480.0000,18.0000,16.0000
776.0000,480.0000,19.0000,16.0000
768.0000,480.0000,19.0000,16.0000
764.0000,479.0000,19.0000,16.0000
754.0000,477.0000,19.0000,16.0000
748.0000,476.0000,19.0000,16.0000
741.0000,474.0000,19.0000,16.0000
734.0000,471.0000,19.0000,16.0000
725.0000,468.0000,19.0000,16.0000
721.0000,465.0000,18.0000,16.0000
714.0000,462.0000,19.0000,16.0000
706.0000,459.0000,18.0000,16.0000
702.0000,457.0000,18.0000,16.0000
694.0000,455.0000,18.0000,16.0000
687.0000,449.0000,18.0000,17.0000
688.0000,445.0000,18.0000,17.0000
680.0000,446.0000,18.0000,17.0000
677.0000,443.0000,18.0000,17.0000
669.0000,436.0000,19.0000,16.0000
666.0000,435.0000,20.0000,15.0000
658.0000,426.0000,20.0000,15.0000
655.0000,424.0000,20.0000,15.0000
652.0000,423.0000,19.0000,15.0000
650.0000,420.0000,19.0000,15.0000
648.0000,419.0000,19.0000,15.0000
645.0000,416.0000,18.0000,15.0000
643.0000,413.0000,18.0000,15.0000
640.0000,410.0000,17.0000,15.0000
638.0000,407.0000,17.0000,15.0000
636.0000,404.0000,17.0000,15.0000
633.0000,401.0000,17.0000,15.0000
633.0000,400.0000,16.0000,15.0000
633.0000,396.0000,16.0000,14.0000
633.0000,393.0000,16.0000,14.0000
633.0000,390.0000,16.0000,14.0000
633.0000,388.0000,16.0000,13.0000
633.0000,385.0000,16.0000,13.0000
634.0000,384.0000,16.0000,13.0000
