1
32.0000,604.0000,84.0000,52.0000
41.0000,601.0000,84.0000,52.0000
49.0000,600.0000,84.0000,52.0000
49.0000,601.0000,84.0000,52.0000
98.0000,603.0000,84.0000,50.0000
101.0000,606.0000,84.0000,50.0000
102.0000,612.0000,84.0000,50.0000
106.0000,611.0000,84.0000,50.0000
2
0
0
0
0
1
413.0000,595.0000,139.0000,53.0000
427.0000,598.0000,139.0000,53.0000
433.0000,601.0000,139.0000,53.0000
432.0000,605.0000,139.0000,53.0000
435.0000,606.0000,139.0000,53.0000
438.0000,607.0000,139.0000,53.0000
441.0000,610.0000,139.0000,53.0000
2
0
0
0
0
1
687.0000,519.0000,72.0000,93.0000
693.0000,519.0000,72.0000,93.0000
698.0000,517.0000,72.0000,93.0000
699.0000,510.0000,72.0000,93.0000
698.0000,512.0000,72.0000,93.0000
697.0000,512.0000,72.0000,93.0000
2
0
0
0
0
1
692.0000,385.0000,76.0000,40.0000
685.0000,385.0000,76.0000,40.0000
680.0000,383.0000,76.0000,39.0000
678.0000,381.0000,78.0000,40.0000
676.0000,377.0000,80.0000,40.0000
676.0000,378.0000,81.0000,40.0000
676.0000,378.0000,83.0000,40.0000
660.0000,378.0000,84.0000,40.0000
660.0000,379.0000,85.0000,39.0000
659.0000,379.0000,85.0000,39.0000
668.0000,378.0000,84.0000,39.0000
677.0000,378.0000,84.0000,39.0000
694.0000,378.0000,84.0000,39.0000
707.0000,376.0000,84.0000,39.0000
713.0000,377.0000,86.0000,39.0000
728.0000,376.0000,84.0000,39.0000
740.0000,372.0000,86.0000,40.0000
741.0000,372.0000,86.0000,40.0000
744.0000,373.0000,88.0000,40.0000
747.0000,371.0000,91.0000,40.0000
751.0000,372.0000,93.0000,40.0000
750.0000,372.0000,95.0000,40.0000
750.0000,373.0000,97.0000,41.0000
750.0000,373.0000,98.0000,41.0000
751.0000,374.0000,100.0000,40.0000
753.0000,373.0000,101.0000,41.0000
756.0000,372.0000,103.0000,42.0000
757.0000,372.0000,104.0000,42.0000
758.0000,372.0000,104.0000,42.0000
756.0000,371.0000,106.0000,42.0000
742.0000,369.0000,106.0000,43.0000
727.0000,371.0000,105.0000,44.0000
717.0000,371.0000,106.0000,44.0000
693.0000,370.0000,105.0000,44.0000
671.0000,371.0000,104.0000,44.0000
638.0000,371.0000,102.0000,44.0000
626.0000,370.0000,101.0000,44.0000
604.0000,369.0000,99.0000,43.0000
590.0000,365.0000,99.0000,45.0000
591.0000,375.0000,100.0000,46.0000
563.0000,385.0000,99.0000,46.0000
511.0000,382.0000,99.0000,46.0000
481.0000,370.0000,96.0000,48.0000
479.0000,367.0000,96.0000,48.0000
480.0000,367.0000,98.0000,49.0000
481.0000,366.0000,99.0000,49.0000
479.0000,366.0000,100.0000,49.0000
479.0000,367.0000,101.0000,49.0000
489.0000,366.0000,100.0000,49.0000
496.0000,366.0000,98.0000,50.0000
495.0000,358.0000,100.0000,51.0000
495.0000,361.0000,101.0000,52.0000
2
0
0
0
0
1
784.0000,352.0000,96.0000,64.0000
795.0000,350.0000,95.0000,65.0000
812.0000,345.0000,92.0000,68.0000
822.0000,343.0000,91.0000,69.0000
797.0000,349.0000,91.0000,69.0000
821.0000,329.0000,89.0000,72.0000
826.0000,278.0000,85.0000,79.0000
821.0000,259.0000,83.0000,83.0000
828.0000,249.0000,81.0000,86.0000
824.0000,230.0000,81.0000,85.0000
821.0000,225.0000,79.0000,81.0000
817.0000,218.0000,80.0000,74.0000
805.0000,210.0000,81.0000,70.0000
794.0000,209.0000,80.0000,67.0000
786.0000,208.0000,79.0000,63.0000
790.0000,208.0000,79.0000,60.0000
794.0000,208.0000,78.0000,58.0000
811.0000,211.0000,78.0000,56.0000
836.0000,216.0000,81.0000,52.0000
857.0000,218.0000,83.0000,49.0000
887.0000,215.0000,81.0000,48.0000
896.0000,201.0000,77.0000,53.0000
920.0000,192.0000,73.0000,58.0000
924.0000,164.0000,71.0000,60.0000
925.0000,140.0000,68.0000,65.0000
926.0000,126.0000,65.0000,67.0000
921.0000,118.0000,66.0000,67.0000
923.0000,124.0000,66.0000,69.0000
927.0000,118.0000,64.0000,73.0000
929.0000,119.0000,64.0000,73.0000
923.0000,116.0000,64.0000,73.0000
920.0000,118.0000,64.0000,73.0000
916.0000,118.0000,64.0000,73.0000
913.0000,122.0000,64.0000,73.0000
869.0000,100.0000,69.0000,66.0000
861.0000,100.0000,69.0000,66.0000
853.0000,100.0000,69.0000,66.0000
843.0000,98.0000,69.0000,66.0000
837.0000,99.0000,69.0000,66.0000
837.0000,99.0000,69.0000,66.0000
832.0000,94.0000,69.0000,66.0000
837.0000,96.0000,69.0000,66.0000
2
0
0
0
0
1
692.0000,126.0000,85.0000,23.0000
688.0000,126.0000,87.0000,24.0000
681.0000,124.0000,89.0000,24.0000
678.0000,125.0000,90.0000,24.0000
676.0000,125.0000,92.0000,24.0000
667.0000,125.0000,91.0000,24.0000
666.0000,125.0000,90.0000,24.0000
657.0000,125.0000,90.0000,24.0000
641.0000,123.0000,88.0000,24.0000
625.0000,123.0000,90.0000,24.0000
604.0000,122.0000,89.0000,25.0000
590.0000,121.0000,90.0000,25.0000
577.0000,121.0000,92.0000,26.0000
576.0000,121.0000,93.0000,26.0000
