1
327.0000,38.0000,40.0000,41.0000
329.0000,40.0000,40.0000,40.0000
329.0000,39.0000,40.0000,41.0000
327.0000,40.0000,40.0000,40.0000
327.0000,39.0000,40.0000,40.0000
327.0000,37.0000,40.0000,41.0000
327.0000,38.0000,40.0000,41.0000
326.0000,41.0000,40.0000,40.0000
324.0000,43.0000,40.0000,40.0000
323.0000,45.0000,40.0000,40.0000
2
0
0
0
0
1
333.0000,30.0000,41.0000,48.0000
332.0000,25.0000,41.0000,48.0000
330.0000,23.0000,41.0000,48.0000
329.0000,21.0000,41.0000,48.0000
324.0000,18.0000,41.0000,48.0000
324.0000,17.0000,41.0000,48.0000
325.0000,20.0000,41.0000,48.0000
324.0000,19.0000,41.0000,48.0000
324.0000,19.0000,41.0000,48.0000
323.0000,19.0000,41.0000,48.0000
323.0000,18.0000,41.0000,48.0000
324.0000,17.0000,41.0000,48.0000
323.0000,18.0000,41.0000,48.0000
320.0000,18.0000,41.0000,48.0000
321.0000,20.0000,41.0000,48.0000
318.0000,21.0000,41.0000,48.0000
2
0
0
0
0
1
399.0000,110.0000,41.0000,34.0000
398.0000,112.0000,41.0000,35.0000
396.0000,113.0000,41.0000,36.0000
397.0000,108.0000,41.0000,37.0000
391.0000,91.0000,41.0000,37.0000
382.0000,69.0000,41.0000,38.0000
380.0000,71.0000,41.0000,38.0000
352.0000,22.0000,42.0000,38.0000
350.0000,23.0000,42.0000,38.0000
351.0000,23.0000,42.0000,38.0000
350.0000,23.0000,42.0000,38.0000
2
0
0
0
0
1
304.0000,25.0000,53.0000,58.0000
302.0000,18.0000,56.0000,58.0000
298.0000,17.0000,55.0000,59.0000
287.0000,15.0000,57.0000,60.0000
286.0000,16.0000,57.0000,60.0000
277.0000,-3.0000,60.0000,58.0000
280.0000,-3.0000,60.0000,58.0000
283.0000,-3.0000,60.0000,58.0000
286.0000,-3.0000,60.0000,58.0000
289.0000,-3.0000,60.0000,58.0000
292.0000,-3.0000,60.0000,58.0000
295.0000,-3.0000,60.0000,58.0000
298.0000,-3.0000,60.0000,58.0000
301.0000,-3.0000,60.0000,58.0000
304.0000,-3.0000,60.0000,58.0000
307.0000,-3.0000,60.0000,58.0000
310.0000,-3.0000,60.0000,58.0000
313.0000,-3.0000,60.0000,58.0000
315.0000,-3.0000,60.0000,58.0000
318.0000,-3.0000,60.0000,58.0000
2
0
0
0
0
1
314.0000,174.0000,73.0000,78.0000
309.0000,170.0000,73.0000,78.0000
305.0000,170.0000,73.0000,78.0000
306.0000,170.0000,73.0000,78.0000
306.0000,166.0000,73.0000,78.0000
305.0000,164.0000,73.0000,78.0000
2
0
0
0
0
1
137.0000,14.0000,105.0000,120.0000
142.0000,19.0000,105.0000,120.0000
143.0000,40.0000,107.0000,118.0000
146.0000,45.0000,107.0000,119.0000
155.0000,42.0000,107.0000,118.0000
142.0000,17.0000,109.0000,116.0000
